########################
########################
########################
###### NEW START #######
########################
########################
########################
1007.80
0:01,0.00,27.69,27.75,28.00,1006.60
0:02,0.00,27.69,27.75,28.00,1008.90
0:03,0.00,27.75,27.75,28.00,1007.80
0:04,0.00,27.75,27.75,28.00,1006.60
0:05,0.00,27.69,27.75,28.06,1007.80
0:06,0.00,27.75,27.81,28.00,1006.60
0:07,0.00,27.75,27.75,28.00,1007.70
0:08,0.00,27.75,27.75,28.06,1006.60
0:09,0.00,27.75,27.81,28.06,1006.60
0:10,0.00,27.69,27.81,28.06,1007.80
0:11,0.00,27.75,27.81,28.06,1007.70
0:12,0.00,27.75,27.81,28.06,1008.90
0:13,0.00,27.75,27.81,28.06,1006.60
0:14,0.00,27.75,27.81,28.06,1008.90
0:15,0.00,27.75,27.81,28.06,1008.90
0:16,0.00,27.75,27.81,28.06,1007.80
0:17,0.00,27.75,27.81,28.00,1005.50
0:18,0.00,27.81,27.81,28.12,1010.00
0:19,0.00,27.75,27.81,28.00,1007.70
0:20,0.00,27.75,27.81,28.06,1010.00
0:21,0.00,27.75,27.81,28.06,1010.00
0:22,0.00,27.75,27.81,28.06,1007.80
0:23,0.00,27.75,27.81,28.00,1007.80
0:23,0.00,27.75,27.81,28.06,1010.00
0:24,0.00,27.75,27.81,28.06,1007.80
0:25,0.00,27.75,27.81,28.06,1006.60
0:26,0.00,27.75,27.81,28.06,1010.00
0:27,0.00,27.75,27.81,28.06,1006.60
0:28,0.00,27.75,27.81,28.06,1008.90
0:29,0.00,27.75,27.81,28.06,1010.00
0:30,0.00,27.75,27.81,28.06,1007.80
0:31,0.00,27.75,27.81,28.00,1007.80
0:32,0.00,27.75,27.81,28.06,1010.00
0:33,0.00,27.75,27.81,28.06,1007.80
0:34,0.00,27.75,27.81,28.00,1010.00
0:35,0.00,27.75,27.81,28.06,1008.90
0:36,0.00,27.75,27.81,27.81,1010.00
0:37,0.00,27.75,27.81,28.00,1008.90
0:38,0.00,27.75,27.81,28.06,1007.80
0:39,0.00,27.75,27.81,28.06,1008.90
0:40,0.00,27.75,27.81,28.06,1010.00
0:41,0.00,27.75,27.81,28.00,1008.90
0:42,0.00,27.75,27.81,28.06,1008.90
0:43,0.00,27.75,27.81,28.00,1010.10
0:44,0.00,27.75,27.81,28.06,1010.00
0:45,0.00,27.75,27.81,28.00,1010.00
0:46,0.00,27.75,27.81,28.00,1007.80
0:47,0.00,27.75,27.81,28.06,1010.10
0:48,0.00,27.75,27.81,28.00,1011.20
0:49,0.00,27.75,27.81,28.06,1010.10
0:50,0.00,27.75,27.81,28.00,1011.20
0:51,0.00,27.75,27.81,28.00,1011.20
0:52,0.00,27.75,27.81,28.00,1010.10
0:53,0.00,27.75,27.81,28.00,1008.90
0:54,0.00,27.75,27.75,28.06,1011.20
0:55,0.00,27.75,27.81,28.00,1008.90
0:56,0.00,27.69,27.81,28.00,1010.10
0:57,0.00,27.69,27.81,28.00,1010.10
0:58,0.00,27.69,27.81,28.00,1011.20
########################
########################
########################
###### NEW START ####### 
########################
########################
########################
1007.80
0:01,0.00,27.69,27.75,28.00,1010.00
0:02,0.00,27.69,27.75,28.00,1011.10
0:03,0.00,27.69,27.75,28.00,1008.90
0:03,0.00,27.69,27.75,28.00,1010.00
0:04,0.00,27.69,27.75,28.00,1010.00
0:05,0.00,27.69,27.75,28.00,1010.00
0:06,0.00,27.69,27.75,28.00,1010.00
0:07,0.00,27.69,27.69,28.00,1010.00
0:08,0.00,27.69,27.75,28.00,1010.00
0:09,0.00,27.69,27.75,27.94,1010.00
0:10,0.00,27.69,27.75,27.94,1011.20
0:11,0.00,27.69,27.75,28.00,1010.00
0:12,0.00,27.69,27.75,28.00,1008.90
0:13,0.00,27.69,27.75,27.94,1011.20
0:14,0.00,27.69,27.75,28.00,1008.90
0:15,0.00,27.62,27.75,27.94,1010.00
0:16,0.00,27.69,27.75,28.00,1012.30
0:17,0.00,27.69,27.75,27.94,1008.90
0:18,0.00,27.69,27.75,27.94,1011.20
0:19,0.00,27.69,27.75,27.94,1008.90
0:20,0.00,27.69,27.75,28.00,1010.00
0:21,0.00,27.69,27.75,27.94,1011.20
0:22,0.00,27.69,27.75,28.00,1011.20
0:23,0.00,27.69,27.75,28.00,1011.20
0:24,0.00,27.62,27.75,28.00,1011.20
0:25,0.00,27.69,27.75,28.00,1010.00
0:26,0.00,27.69,27.75,28.00,1011.20
0:26,0.00,27.69,27.75,27.94,1011.20
0:27,0.00,27.69,27.75,27.94,1008.90
0:28,0.00,27.69,27.75,27.94,1008.90
0:29,0.00,27.62,27.75,27.94,1008.90
0:30,0.00,27.69,27.75,27.94,1010.10
0:31,0.00,27.69,27.75,27.94,1011.20
0:32,0.00,27.69,27.75,28.00,1010.10
0:33,0.00,27.62,27.75,27.94,1010.10
0:34,0.00,27.69,27.75,28.00,1011.20
0:35,0.00,27.62,27.75,28.00,1011.20
0:36,0.00,27.62,27.75,27.94,1011.20
0:37,0.00,27.62,27.75,27.94,1012.40
0:38,0.00,27.62,27.75,27.94,1012.40
0:39,0.00,27.62,27.75,28.00,1011.20
0:40,0.00,27.62,27.75,27.94,1009.00
0:41,0.00,27.62,27.75,27.94,1011.20
0:42,0.00,27.62,27.75,27.94,1012.40
0:43,0.00,27.62,27.75,27.94,1011.20
0:44,0.00,27.62,27.75,27.94,1010.10
0:45,0.00,27.62,27.75,27.94,1012.40
0:46,0.00,27.62,27.75,27.94,1012.40
0:47,0.00,27.62,27.75,27.94,1010.10
0:48,0.00,27.62,27.75,27.94,1010.10
0:49,0.00,27.62,27.75,27.94,1010.10
0:50,0.00,27.62,27.75,27.94,1011.30
0:51,0.00,27.62,27.75,27.94,1010.10
0:52,0.00,27.62,27.75,27.94,1011.20
0:53,0.00,27.62,27.75,27.94,1011.30
0:54,0.00,27.62,27.75,27.94,1012.40
0:55,0.00,27.62,27.75,27.94,1012.40
0:56,0.00,27.62,27.75,27.94,1011.30
0:57,0.00,27.62,27.75,27.94,1010.10
0:58,0.00,27.69,27.75,27.94,1009.00
